1001
2002
3003
4800
4900
5000
1001
1002
1003
2002
2003
1028
1029
3001
3002
3003
3004
3005
3006
3007
3008
3009
3010
5001
5002
5003
5004
5005
5006
5008
5009
5010
6002
6001
6003
6004
6005
6006
6007
6008
1001
2002
3003
4800
4900
5000
1001
1002
1003
2002
2003
1028
1029
3001
3002
3003
3004
3005
3006
3007
3008
3009
3010
5001
5002
5003
5004
5005
5006
5008
5009
5010
6002
6001
6003
6004
6005
6006
6007
6008
1001
2002
3003
4800
4900
5000
1001
1002
1003
2002
2003
1028
1029
3001
3002
3003
3004
3005
3006
3007
3008
3009
3010
5001
5002
5003
5004
5005
5006
5008
5009
5010
6002
6001
6003
6004
6005
6006
6007
6008
1001
2002
3003
4800
4900
5000
1001
1002
1003
2002
2003
1028
1029
3001
3002
3003
3004
3005
3006
3007
3008
3009
3010
5001
5002
5003
5004
5005
5006
5008
5009
5010
6002
6001
6003
6004
6005
6006
6007
6008
1001
2002
3003
4800
4900
5000
1001
1002
1003
2002
2003
1028
1029
3001
3002
3003
3004
3005
3006
3007
3008
3009
3010
5001
5002
5003
5004
5005
5006
5008
5009
5010
6002
6001
6003
6004
6005
6006
6007
6008
1001
2002
3003
4800
4900
5000
1001
1002
1003
2002
2003
1028
1029
3001
3002
3003
3004
3005
3006
3007
3008
3009
3010
5001
5002
5003
5004
5005
5006
5008
5009
5010
6002
6001
6003
6004
6005
6006
6007
6008
1001
2002
3003
4800
4900
5000
1001
1002
1003
2002
2003
1028
1029
3001
3002
3003
3004
3005
3006
3007
3008
3009
3010
5001
5002
5003
5004
5005
5006
5008
5009
5010
6002
6001
6003
6004
6005
6006
6007
6008
1001
2002
3003
4800
4900
5000
1001
1002
1003
2002
2003
1028
1029
3001
3002
3003
3004
3005
3006
3007
3008
3009
3010
5001
5002
5003
5004
5005
5006
5008
5009
5010
6002
6001
6003
6004
6005
6006
6007
6008
1001
2002
3003
4800
4900
5000
1001
1002
1003
2002
2003
1028
1029
3001
3002
3003
3004
3005
3006
3007
3008
3009
3010
5001
5002
5003
5004
5005
5006
5008
5009
5010
6002
6001
6003
6004
6005
6006
6007
6008
1001
2002
3003
4800
4900
5000
1001
1002
1003
2002
2003
1028
1029
3001
3002
3003
3004
3005
3006
3007
3008
3009
3010
5001
5002
5003
5004
5005
5006
5008
5009
5010
6002
6001
6003
6004
6005
6006
6007
6008
1001
2002
3003
4800
4900
5000
1001
1002
1003
2002
2003
1028
1029
3001
3002
3003
3004
3005
3006
3007
3008
3009
3010
5001
5002
5003
5004
5005
5006
5008
5009
5010
6002
6001
6003
6004
6005
6006
6007
6008
1001
2002
3003
4800
4900
5000
1001
1002
1003
2002
2003
1028
1029
3001
3002
3003
3004
3005
3006
3007
3008
3009
3010
5001
5002
5003
5004
5005
5006
5008
5009
5010
6002
6001
6003
6004
6005
6006
6007
6008
