123523
253541
1452523
355351
3523121
152574
25234251
3531431
41411124
4121132
244562
1213121
63667
6882413
1323265
123523
253541
1452523
355351
3523121
152574
25234251
3531431
41411124
4121132
244562
1213121
63667
6882413
1323265
123523
253541
1452523
355351
3523121
152574
25234251
3531431
41411124
4121132
244562
1213121
63667
6882413
1323265
123523
253541
1452523
355351
3523121
152574
25234251
3531431
41411124
4121132
244562
1213121
63667
6882413
1323265
123523
253541
1452523
355351
3523121
152574
25234251
3531431
41411124
4121132
244562
1213121
63667
6882413
1323265
123523
253541
1452523
355351
3523121
152574
25234251
3531431
41411124
4121132
244562
1213121
63667
6882413
1323265
123523
253541
1452523
355351
3523121
152574
25234251
3531431
41411124
4121132
244562
1213121
63667
6882413
1323265
123523
253541
1452523
355351
3523121
152574
25234251
3531431
41411124
4121132
244562
1213121
63667
6882413
1323265
123523
253541
1452523
355351
3523121
152574
25234251
3531431
41411124
4121132
244562
1213121
63667
6882413
1323265
123523
253541
1452523
355351
3523121
152574
25234251
3531431
41411124
4121132
244562
1213121
63667
6882413
1323265
123523
253541
1452523
355351
3523121
152574
25234251
3531431
41411124
4121132
244562
1213121
63667
6882413
1323265
123523
253541
1452523
355351
3523121
152574
25234251
3531431
41411124
4121132
244562
1213121
63667
6882413
1323265
