2
2
3511513
151351354
46262315
14314136
431537
14134138
355159
51351310
2
2
3511513
151351354
46262315
14314136
431537
14134138
355159
51351310
2
2
3511513
151351354
46262315
14314136
431537
14134138
355159
51351310
2
2
3511513
151351354
46262315
14314136
431537
14134138
355159
51351310
2
2
3511513
151351354
46262315
14314136
431537
14134138
355159
51351310
2
2
3511513
151351354
46262315
14314136
431537
14134138
355159
51351310
2
2
3511513
151351354
46262315
14314136
431537
14134138
355159
51351310
2
2
3511513
151351354
46262315
14314136
431537
14134138
355159
51351310
ad
2
2
3511513
151351354
46262315
14314136
431537
14134138
355159
51351310
2
2
3511513
151351354
46262315
14314136
431537
14134138
355159
51351310
